       5 0 
      10 0 
      15 0 
      20 0 
      25 0 
      30 0 
      35 0 
      40 0 
      45 0 
      50 0 
      55 0 
      60 0 
      65 0 
      70 0 
      75 0 
      80 0 
      85 0 
      90 0 
      95 0 
     100 0 
     105 0 
     110 0 
     115 0 
     119 0 
     124 0 
     129 0 
     134 0 
     139 0 
     144 0 
     149 0 
     154 0 
     159 0 
     164 0 
     169 0 
     174 0 
     179 0 
     184 0 
     189 0 
     194 0 
     199 0 
     204 0 
     209 0 
     214 0 
     219 0 
     224 0 
     229 0 
     234 0 
     239 0 
     244 0 
     249 0 
     254 0 
     259 0 
     264 0 
     269 0 
     274 0 
     279 0 
     284 0 
     289 0 
     294 0 
     299 0 
     304 0 
     309 0 
     314 4 
     319 28 
     324 54 
     329 83 
     334 108 
     339 129 
     344 158 
     349 166 
     354 187 
     359 209 
     364 233 
     369 267 
     374 289 
     379 317 
     384 341 
     389 373 
     394 405 
     399 446 
     404 478 
     409 528 
     414 554 
     419 598 
     424 624 
     429 660 
     434 673 
     439 695 
     444 713 
     449 748 
     454 766 
     459 803 
     464 816 
     469 831 
     475 843 
     480 855 
     485 853 
     490 855 
     495 847 
     500 853 
     505 847 
     510 853 
     515 849 
     520 853 
     525 849 
     530 854 
     535 848 
     540 848 
     545 833 
     550 826 
     555 803 
     560 787 
     565 761 
     570 745 
     575 721 
     580 718 
     585 707 
     590 704 
     595 676 
     600 649 
     605 613 
     610 592 
     615 570 
     620 560 
     625 529 
     630 513 
     635 480 
     640 457 
     645 433 
     650 404 
     655 375 
     660 352 
     665 317 
     670 288 
     675 262 
     680 250 
     685 226 
     690 206 
     695 183 
     700 163 
     705 148 
     710 140 
     715 129 
     720 121 
     725 115 
     730 102 
     735 101 
     740 99 
     745 103 
     750 100 
     755 100 
     760 128 
     765 177 
     770 222 
     775 256 
     780 300 
     785 332 
     790 370 
     795 413 
     800 469 
     805 510 
     810 556 
     815 590 
     820 615 
     825 643 
     830 673 
     835 705 
     840 741 
     845 761 
     850 800 
     855 827 
     860 855 
     865 872 
     870 898 
     875 912 
     880 920 
     885 909 
     890 916 
     895 906 
     900 904 
     905 858 
     910 825 
     915 783 
     920 747 
     925 698 
     930 654 
     935 611 
     940 588 
     945 562 
     950 543 
     955 516 
     960 483 
     965 451 
     970 423 
     975 388 
     980 359 
     985 340 
     990 321 
     995 316 
    1000 294 
    1005 272 
    1010 253 
    1015 223 
    1020 203 
    1025 182 
    1030 173 
    1035 164 
    1040 157 
    1045 148 
    1050 140 
    1055 126 
    1060 122 
    1065 120 
    1070 123 
    1075 121 
    1080 119 
    1085 120 
    1090 118 
    1095 120 
    1100 122 
    1105 120 
    1110 122 
    1115 125 
    1120 123 
    1125 126 
    1130 150 
    1135 182 
    1140 215 
    1145 244 
    1150 271 
    1155 282 
    1160 309 
    1165 330 
    1170 357 
    1175 381 
    1180 412 
    1185 444 
    1190 476 
    1195 504 
    1200 549 
    1205 575 
    1210 603 
    1215 629 
    1220 657 
    1225 689 
    1230 725 
    1235 737 
    1240 765 
    1245 786 
    1250 816 
    1255 834 
    1260 854 
    1265 876 
    1270 906 
    1275 920 
    1280 937 
    1285 941 
    1290 961 
    1295 967 
    1300 980 
    1305 985 
    1310 998 
    1315 997 
    1320 1023 
    1325 1023 
    1330 1023 
    1335 1023 
    1340 1023 
    1345 1023 
    1350 1023 
    1355 1023 
    1360 1023 
    1365 1023 
    1370 1023 
    1375 1023 
    1380 1023 
    1385 1023 
    1390 1023 
    1395 1023 
    1400 1023 
    1405 1023 
    1410 1023 
    1415 1023 
    1420 1023 
    1425 1023 
    1430 1023 
    1435 1023 
    1440 1023 
    1445 1023 
    1450 1023 
    1455 1023 
    1460 1023 
    1465 1023 
    1470 1023 
    1475 1023 
    1480 1023 
    1485 1023 
    1490 1023 
    1495 1023 
    1500 1023 
    1505 1023 
    1510 1023 
    1515 1023 
    1520 1023 
    1525 1023 
    1530 1023 
    1535 1023 
    1540 1023 
    1545 1023 
    1550 1023 
    1555 1023 
    1560 1023 
    1565 1023 
    1570 1023 
    1575 1023 
    1580 1023 
    1585 1023 
    1590 1023 
    1595 1023 
    1600 1023 
    1605 1023 
    1610 1023 
    1615 1023 
    1620 1023 
    1625 1023 
    1630 1023 
    1635 1023 
    1640 1023 
    1645 1023 
    1650 1023 
    1655 1023 
    1660 1023 
    1665 1023 
    1670 1023 
    1675 985 
    1680 941 
    1685 896 
    1690 877 
    1695 860 
    1700 857 
    1705 831 
    1710 804 
    1715 771 
    1720 764 
    1725 750 
    1730 750 
    1735 741 
    1740 744 
    1745 737 
    1750 737 
    1755 721 
    1760 710 
    1765 670 
    1770 645 
    1775 635 
    1780 634 
    1785 624 
    1790 616 
    1795 595 
    1800 581 
    1805 559 
    1810 541 
    1815 508 
    1820 481 
    1825 450 
    1830 442 
    1835 428 
    1840 424 
    1845 411 
    1850 396 
    1855 369 
    1860 348 
    1865 319 
    1870 301 
    1875 279 
    1879 267 
    1884 253 
    1889 243 
    1894 224 
    1899 204 
    1904 192 
    1909 178 
    1914 170 
    1919 159 
    1924 133 
    1929 115 
    1934 90 
    1939 70 
    1944 50 
    1949 22 
    1954 0 
    1959 0 
    1964 0 
    1969 0 
    1974 0 
    1979 0 
    1984 0 
    1989 0 
    1994 0 
    1999 0 
    2004 0 
    2009 0 
    2014 31 
    2019 86 
    2024 163 
    2029 220 
    2034 270 
    2039 320 
    2044 379 
    2049 442 
    2054 494 
    2059 561 
    2064 593 
    2069 625 
    2074 660 
    2079 708 
    2084 760 
    2089 802 
    2094 807 
    2099 826 
    2104 838 
    2109 862 
    2114 858 
    2119 860 
    2124 855 
    2129 859 
    2134 857 
    2139 863 
    2144 855 
    2149 863 
    2154 860 
    2159 863 
    2164 860 
    2169 862 
    2174 858 
    2179 862 
    2184 855 
    2189 861 
    2194 856 
    2199 861 
