       5 0 
      10 0 
      15 0 
      20 0 
      25 0 
      30 0 
      35 0 
      40 0 
      45 0 
      50 0 
      55 0 
      60 0 
      65 0 
      70 0 
      75 0 
      80 0 
      85 0 
      90 0 
      95 0 
     100 0 
     105 0 
     110 0 
     115 0 
     119 0 
     124 0 
     129 0 
     134 0 
     139 0 
     144 0 
     149 0 
     154 0 
     159 0 
     164 0 
     169 0 
     174 0 
     179 0 
     184 0 
     189 0 
     194 0 
     199 0 
     204 0 
     209 0 
     214 0 
     219 4 
     224 72 
     229 101 
     234 106 
     239 125 
     244 154 
     249 182 
     254 210 
     259 229 
     264 257 
     269 285 
     274 301 
     279 317 
     284 320 
     289 327 
     294 324 
     299 323 
     304 323 
     309 322 
     314 333 
     319 330 
     324 323 
     329 324 
     334 324 
     339 327 
     344 332 
     349 322 
     354 322 
     359 332 
     364 327 
     369 331 
     374 327 
     379 331 
     384 330 
     389 330 
     394 330 
     399 334 
     404 330 
     409 333 
     414 330 
     419 333 
     424 330 
     429 329 
     434 331 
     439 328 
     444 329 
     449 335 
     454 333 
     459 336 
     464 338 
     469 338 
     475 336 
     480 335 
     485 338 
     490 336 
     495 333 
     500 334 
     505 330 
     510 333 
     515 333 
     520 330 
     525 321 
     530 322 
     535 327 
     540 327 
     545 320 
     550 322 
     555 318 
     560 317 
     565 315 
     570 316 
     575 316 
     580 319 
     585 315 
     590 319 
     595 324 
     600 320 
     605 320 
     610 319 
     615 320 
     620 318 
     625 314 
     630 317 
     635 314 
     640 317 
     645 318 
     650 317 
     655 317 
     660 321 
     665 319 
     670 322 
     675 316 
     680 320 
     685 316 
     690 315 
     695 316 
     700 316 
     705 316 
     710 319 
     715 316 
     720 318 
     725 318 
     730 318 
     735 318 
     740 318 
     745 318 
     750 318 
     755 316 
     760 322 
     765 319 
     770 329 
     775 328 
     780 341 
     785 344 
     790 347 
     795 373 
     800 406 
     805 487 
     810 474 
     815 419 
     820 380 
     825 471 
     830 430 
     835 537 
     840 494 
     845 439 
     850 397 
     855 351 
     860 325 
     865 596 
     870 531 
     875 469 
     880 424 
     885 376 
     890 343 
     895 300 
     900 273 
     905 242 
     910 216 
     915 191 
     920 173 
     925 149 
     930 132 
     935 112 
     940 100 
     945 82 
     950 68 
     955 56 
     960 40 
     965 24 
     970 11 
     975 9 
     980 13 
     985 22 
     990 22 
     995 25 
    1000 21 
    1005 25 
    1010 22 
    1015 20 
    1020 21 
    1025 21 
    1030 24 
    1035 26 
    1040 23 
    1045 26 
    1050 28 
    1055 27 
    1060 28 
    1065 26 
    1070 27 
    1075 26 
    1080 22 
    1085 25 
    1090 23 
    1095 26 
    1100 26 
    1105 26 
    1110 28 
    1115 30 
    1120 28 
    1125 30 
    1130 28 
    1135 30 
    1140 26 
    1145 22 
    1150 22 
    1155 21 
    1160 22 
    1165 25 
    1170 23 
    1175 26 
    1180 27 
    1185 26 
    1190 25 
    1195 24 
    1200 29 
    1205 30 
    1210 25 
    1215 27 
    1220 26 
    1225 28 
    1230 28 
    1235 24 
    1240 27 
    1245 560 
    1250 665 
    1255 610 
    1260 882 
    1265 958 
    1270 1023 
    1275 1023 
    1280 1023 
    1285 1023 
    1290 1023 
    1295 1023 
    1300 1023 
    1305 1023 
    1310 1023 
    1315 1023 
    1320 1023 
    1325 1023 
    1330 1023 
    1335 1023 
    1340 1023 
    1345 1023 
    1350 1023 
    1355 1023 
    1360 1023 
    1365 1023 
    1370 1023 
    1375 1023 
    1380 1023 
    1385 1023 
    1390 1023 
    1395 1023 
    1400 1023 
    1405 1023 
    1410 1023 
    1415 1023 
    1420 1023 
    1425 1023 
    1430 1023 
    1435 1023 
    1440 1023 
    1445 1023 
    1450 1023 
    1455 1023 
    1460 1023 
    1465 1023 
    1470 1023 
    1475 1023 
    1480 1023 
    1485 1023 
    1490 1023 
    1495 1023 
    1500 1023 
    1505 1023 
    1510 1023 
    1515 1023 
    1520 1023 
    1525 1023 
    1530 1023 
    1535 1023 
    1540 1023 
    1545 1023 
    1550 1023 
    1555 976 
    1560 979 
    1565 925 
    1570 881 
    1575 1023 
    1580 935 
    1585 930 
    1590 942 
    1595 1023 
    1600 930 
    1605 885 
    1610 835 
    1615 735 
    1620 649 
    1625 793 
    1630 837 
    1635 832 
    1640 822 
    1645 819 
    1650 823 
    1655 824 
    1660 828 
    1665 822 
    1670 829 
    1675 824 
    1680 829 
    1685 828 
    1690 829 
    1695 828 
    1700 834 
    1705 825 
    1710 832 
    1715 826 
    1720 832 
    1725 826 
    1730 827 
    1735 823 
    1740 827 
    1745 823 
    1750 831 
    1755 825 
    1760 831 
    1765 828 
    1770 832 
    1775 828 
    1780 832 
    1785 828 
    1790 831 
    1795 822 
    1800 829 
    1805 823 
    1810 831 
    1815 828 
    1820 829 
    1825 827 
    1830 834 
    1835 826 
    1840 833 
    1845 826 
    1850 832 
    1855 826 
    1860 827 
    1865 823 
    1870 828 
    1875 825 
    1879 831 
    1884 825 
    1889 770 
    1894 692 
    1899 631 
    1904 570 
    1909 520 
    1914 482 
    1919 440 
    1924 712 
    1929 638 
    1934 597 
    1939 556 
    1944 521 
    1949 490 
    1954 449 
    1959 429 
    1964 416 
    1969 415 
    1974 399 
    1979 368 
    1984 352 
    1989 323 
    1994 276 
    1999 245 
    2004 217 
    2009 192 
    2014 179 
    2019 180 
    2024 180 
    2029 179 
    2034 180 
    2039 179 
    2044 183 
    2049 183 
    2054 182 
    2059 184 
    2064 182 
    2069 183 
    2074 185 
    2079 183 
    2084 185 
    2089 187 
    2094 185 
    2099 186 
    2104 184 
    2109 187 
    2114 184 
    2119 182 
    2124 183 
    2129 182 
    2134 183 
    2139 186 
    2144 183 
    2149 185 
    2154 187 
    2159 185 
    2164 186 
    2169 184 
    2174 187 
    2179 185 
    2184 182 
    2189 183 
    2194 182 
    2199 184 
    2204 185 
    2209 184 
    2214 185 
    2219 187 
    2224 185 
    2229 187 
    2234 184 
    2239 187 
    2244 184 
    2249 182 
    2254 183 
    2259 181 
    2264 181 
    2269 180 
    2274 176 
    2279 177 
    2284 174 
    2289 153 
    2294 113 
    2299 81 
    2304 56 
    2309 29 
    2314 15 
    2319 0 
    2324 0 
    2329 0 
    2334 0 
    2339 0 
    2344 0 
    2349 0 
    2354 0 
    2359 0 
    2364 0 
    2369 0 
    2374 0 
    2379 0 
    2384 0 
    2389 0 
    2394 0 
    2399 0 
    2404 0 
    2409 0 
    2414 0 
    2419 0 
    2424 0 
    2429 0 
    2434 0 
    2439 0 
    2444 0 
    2449 0 
    2454 0 
    2459 0 
    2464 0 
    2469 0 
    2474 0 
    2479 0 
    2484 0 
    2489 0 
    2494 0 
    2499 0 
    2504 0 
    2509 0 
    2514 0 
    2519 0 
    2524 0 
    2529 0 
    2534 0 
    2539 0 
