       5 0 
      10 0 
      15 0 
      20 0 
      25 0 
      30 0 
      35 0 
      40 0 
      45 0 
      50 0 
      55 0 
      60 0 
      65 0 
      70 0 
      75 0 
      80 0 
      85 0 
      90 0 
      95 0 
     100 0 
     105 0 
     110 0 
     115 0 
     119 2 
     124 19 
     129 35 
     134 50 
     139 60 
     144 77 
     149 84 
     154 98 
     159 114 
     164 130 
     169 158 
     174 173 
     179 173 
     184 187 
     189 233 
     194 261 
     199 274 
     204 226 
     209 240 
     214 304 
     219 327 
     224 346 
     229 428 
     234 549 
     239 628 
     244 681 
     249 697 
     254 694 
     259 696 
     264 624 
     269 558 
     274 605 
     279 582 
     284 562 
     289 589 
     294 576 
     299 623 
     304 649 
     309 623 
     314 575 
     319 530 
     324 473 
     329 599 
     334 614 
     339 598 
     344 659 
     349 651 
     354 548 
     359 451 
     364 381 
     369 335 
     374 291 
     379 243 
     384 148 
     389 101 
     394 80 
     399 62 
     404 41 
     409 14 
     414 0 
     419 0 
     424 0 
     429 0 
     434 0 
     439 0 
     444 0 
     449 0 
     454 0 
     459 0 
     464 0 
     469 0 
     475 0 
     480 0 
     485 0 
     490 29 
     495 94 
     500 219 
     505 297 
     510 324 
     515 332 
     520 349 
     525 369 
     530 375 
     535 370 
     540 396 
     545 374 
     550 412 
     555 514 
     560 557 
     565 487 
     570 616 
     575 652 
     580 661 
     585 669 
     590 647 
     595 584 
     600 621 
     605 558 
     610 504 
     615 450 
     620 407 
     625 348 
     630 297 
     635 266 
     640 250 
     645 227 
     650 411 
     655 606 
     660 630 
     665 660 
     670 641 
     675 618 
     680 586 
     685 691 
     690 635 
     695 589 
     700 653 
     705 640 
     710 624 
     715 572 
     720 532 
     725 488 
     730 445 
     735 406 
     740 466 
     745 478 
     750 458 
     755 461 
     760 454 
     765 404 
     770 369 
     775 445 
     780 525 
     785 492 
     790 446 
     795 398 
     800 366 
     805 323 
     810 295 
     815 268 
     820 238 
     825 525 
     830 527 
     835 527 
     840 536 
     845 537 
     850 544 
     855 546 
     860 554 
     865 579 
     870 608 
     875 638 
     880 664 
     885 679 
     890 705 
     895 719 
     900 756 
     905 777 
     910 777 
     915 789 
     920 822 
     925 831 
     930 842 
     935 834 
     940 843 
     945 866 
     950 882 
     955 877 
     960 882 
     965 879 
     970 885 
     975 879 
     980 886 
     985 884 
     990 884 
     995 880 
    1000 883 
    1005 880 
    1010 884 
    1015 875 
    1020 881 
    1025 874 
    1030 876 
    1035 877 
    1040 883 
    1045 881 
    1050 888 
    1055 897 
    1060 919 
    1065 938 
    1070 960 
    1075 984 
    1080 1000 
    1085 971 
    1090 904 
    1095 861 
    1100 789 
    1105 723 
    1110 663 
    1115 598 
    1120 545 
    1125 491 
    1130 451 
    1135 539 
    1140 538 
    1145 842 
    1150 908 
    1155 888 
    1160 841 
    1165 888 
    1170 889 
    1175 877 
    1180 864 
    1185 789 
    1190 732 
    1195 768 
    1200 762 
    1205 687 
    1210 627 
    1215 570 
    1220 525 
    1225 476 
    1230 630 
    1235 653 
    1240 597 
    1245 540 
    1250 496 
    1255 451 
    1260 414 
    1265 377 
    1270 545 
    1275 484 
    1280 446 
    1285 402 
    1290 371 
    1295 337 
    1300 309 
    1305 284 
    1310 264 
    1315 241 
    1320 226 
    1325 202 
    1330 189 
    1335 166 
    1340 148 
    1345 130 
    1350 113 
    1355 97 
    1360 87 
    1365 72 
    1370 64 
    1375 52 
    1380 43 
    1385 35 
    1390 27 
    1395 22 
    1400 14 
    1405 5 
    1410 3 
    1415 0 
    1420 1 
    1425 3 
    1430 2 
    1435 6 
    1440 8 
    1445 8 
    1450 11 
    1455 10 
    1460 13 
    1465 12 
    1470 11 
    1475 15 
    1480 14 
    1485 18 
    1490 20 
    1495 20 
    1500 20 
    1505 24 
    1510 23 
    1515 25 
    1520 23 
    1525 26 
    1530 23 
    1535 21 
    1540 24 
    1545 22 
    1550 23 
    1555 26 
    1560 25 
    1565 27 
    1570 28 
    1575 27 
    1580 28 
    1585 27 
    1590 29 
    1595 27 
    1600 23 
    1605 27 
    1610 24 
    1615 26 
    1620 28 
    1625 453 
    1630 435 
    1635 380 
    1640 414 
    1645 462 
    1650 471 
    1655 475 
    1660 479 
    1665 484 
    1670 503 
    1675 513 
    1680 557 
    1685 567 
    1690 589 
    1695 609 
    1700 642 
    1705 660 
    1710 686 
    1715 686 
    1720 699 
    1725 718 
    1730 723 
    1735 685 
    1740 725 
    1745 669 
    1750 614 
    1755 551 
    1760 503 
    1765 450 
    1770 409 
    1775 366 
    1780 329 
    1785 290 
    1790 258 
    1795 224 
    1800 199 
    1805 172 
    1810 153 
    1815 132 
    1820 113 
    1825 119 
    1830 522 
    1835 460 
    1840 412 
    1845 357 
    1850 322 
    1855 280 
    1860 248 
    1865 220 
    1870 195 
    1875 170 
    1879 152 
    1884 130 
    1889 116 
    1894 100 
    1899 86 
    1904 75 
    1909 63 
    1914 60 
    1919 54 
    1924 39 
    1929 503 
    1934 585 
    1939 504 
    1944 433 
    1949 389 
    1954 350 
    1959 318 
    1964 278 
    1969 248 
    1974 214 
    1979 195 
    1984 169 
    1989 150 
    1994 132 
    1999 118 
    2004 106 
    2009 100 
    2014 90 
    2019 82 
    2024 76 
    2029 67 
    2034 61 
    2039 51 
    2044 46 
    2049 37 
    2054 25 
    2059 26 
    2064 21 
    2069 26 
    2074 151 
    2079 540 
    2084 559 
    2089 660 
    2094 584 
    2099 567 
    2104 540 
    2109 546 
    2114 539 
    2119 542 
    2124 544 
    2129 546 
    2134 545 
    2139 552 
    2144 549 
    2149 555 
    2154 554 
    2159 557 
    2164 554 
    2169 555 
    2174 555 
    2179 555 
    2184 551 
    2189 554 
    2194 551 
    2199 555 
    2204 553 
    2209 555 
    2214 554 
    2219 558 
    2224 554 
    2229 560 
    2234 554 
    2239 560 
    2244 554 
    2249 555 
    2254 551 
    2259 554 
    2264 553 
    2269 557 
    2274 553 
    2279 559 
    2284 568 
    2289 572 
    2294 570 
    2299 570 
    2304 570 
    2309 570 
    2314 558 
    2319 569 
    2324 563 
    2329 569 
    2334 561 
    2339 563 
    2344 570 
    2349 582 
    2354 588 
    2359 610 
    2364 631 
    2369 628 
    2374 650 
    2379 641 
    2384 639 
    2389 563 
    2394 491 
    2399 432 
    2404 577 
    2409 756 
    2414 874 
    2419 813 
    2424 704 
    2429 627 
    2434 560 
    2439 570 
    2444 502 
    2449 473 
    2454 680 
    2459 608 
    2464 526 
    2469 469 
    2474 369 
    2479 294 
    2484 263 
    2489 244 
    2494 218 
    2499 202 
    2504 177 
    2509 158 
    2514 141 
    2519 125 
    2524 111 
    2529 101 
    2534 86 
    2539 77 
    2544 66 
    2549 55 
    2554 46 
    2559 36 
    2564 25 
    2569 20 
    2574 13 
    2579 7 
    2584 7 
    2589 11 
    2594 14 
    2599 13 
    2604 15 
    2609 18 
    2614 17 
    2619 18 
    2624 16 
