       5 0 
      10 0 
      15 0 
      20 0 
      25 0 
      30 0 
      35 0 
      40 0 
      45 0 
      50 0 
      55 0 
      60 0 
      65 0 
      70 0 
      75 0 
      80 0 
      85 0 
      90 0 
      95 0 
     100 0 
     105 0 
     110 0 
     115 0 
     119 0 
     124 0 
     129 0 
     134 0 
     139 0 
     144 0 
     149 0 
     154 0 
     159 0 
     164 0 
     169 0 
     174 0 
     179 0 
     184 0 
     189 0 
     194 0 
     199 0 
     204 0 
     209 0 
     214 0 
     219 0 
     224 0 
     229 0 
     234 0 
     239 0 
     244 0 
     249 0 
     254 33 
     259 101 
     264 153 
     269 186 
     274 209 
     279 238 
     284 260 
     289 299 
     294 338 
     299 383 
     304 412 
     309 442 
     314 463 
     319 495 
     324 525 
     329 554 
     334 552 
     339 545 
     344 488 
     349 411 
     354 370 
     359 326 
     364 249 
     369 145 
     374 77 
     379 26 
     384 0 
     389 0 
     394 0 
     399 0 
     404 0 
     409 0 
     414 67 
     419 194 
     424 271 
     429 372 
     434 455 
     439 525 
     444 583 
     449 627 
     454 652 
     459 695 
     464 727 
     469 752 
     475 764 
     480 771 
     485 770 
     490 738 
     495 654 
     500 589 
     505 549 
     510 541 
     515 535 
     520 507 
     525 419 
     530 364 
     535 344 
     540 320 
     545 305 
     550 300 
     555 284 
     560 270 
     565 251 
     570 249 
     575 252 
     580 286 
     585 472 
     590 681 
     595 848 
     600 981 
     605 1023 
     610 1023 
     615 1023 
     620 1023 
     625 1023 
     630 1023 
     635 1023 
     640 1023 
     645 1023 
     650 1023 
     655 1023 
     660 1023 
     665 921 
     670 700 
     675 580 
     680 506 
     685 418 
     690 347 
     695 273 
     700 188 
     705 141 
     710 83 
     715 30 
     720 8 
     725 0 
     730 0 
     735 0 
     740 30 
     745 121 
     750 199 
     755 320 
     760 441 
     765 563 
     770 737 
     775 880 
     780 993 
     785 1023 
     790 1023 
     795 1023 
     800 1023 
     805 1023 
     810 1023 
     815 1023 
     820 1023 
     825 1023 
     830 888 
     835 707 
     840 572 
     845 393 
     850 312 
     855 273 
     860 220 
     865 167 
     870 121 
     875 76 
     880 0 
     885 0 
     890 0 
     895 0 
     900 0 
     905 0 
     910 0 
     915 0 
     920 66 
     925 121 
     930 176 
     935 279 
     940 411 
     945 522 
     950 608 
     955 709 
     960 801 
     965 877 
     970 951 
     975 977 
     980 986 
     985 980 
     990 985 
     995 982 
    1000 986 
    1005 980 
    1010 883 
    1015 713 
    1020 601 
    1025 444 
    1030 314 
    1035 252 
    1040 149 
    1045 0 
    1050 0 
    1055 0 
    1060 0 
    1065 0 
    1070 0 
    1075 0 
    1080 0 
    1085 38 
    1090 135 
    1095 224 
    1100 320 
    1105 445 
    1110 568 
    1115 628 
    1120 689 
    1125 753 
    1130 822 
    1135 864 
    1140 911 
    1145 950 
    1150 1001 
    1155 1012 
    1160 1023 
    1165 1023 
    1170 1023 
    1175 1023 
    1180 1023 
    1185 1023 
    1190 1023 
    1195 1023 
    1200 1023 
    1205 953 
    1210 843 
    1215 751 
    1220 585 
    1225 431 
    1230 365 
    1235 305 
    1240 203 
    1245 169 
    1250 169 
    1255 262 
    1260 399 
    1265 506 
    1270 588 
    1275 640 
    1280 687 
    1285 706 
    1290 739 
    1295 755 
    1300 773 
    1305 779 
    1310 802 
    1315 793 
    1320 799 
    1325 791 
    1330 790 
    1335 702 
    1340 597 
    1345 495 
    1350 466 
    1355 464 
    1360 465 
    1365 425 
    1370 331 
    1375 232 
    1380 106 
    1385 0 
    1390 0 
    1395 0 
    1400 0 
    1405 0 
    1410 0 
    1415 99 
    1420 243 
    1425 361 
    1430 525 
    1435 708 
    1440 898 
    1445 1023 
    1450 1023 
    1455 1023 
    1460 1023 
    1465 1023 
    1470 865 
    1475 707 
    1480 606 
    1485 421 
    1490 297 
    1495 180 
    1500 65 
    1505 0 
    1510 0 
    1515 0 
    1520 0 
    1525 0 
    1530 0 
    1535 8 
    1540 123 
    1545 212 
    1550 333 
    1555 468 
    1560 619 
    1565 768 
    1570 940 
    1575 1023 
    1580 1023 
    1585 1023 
    1590 1023 
    1595 930 
    1600 726 
    1605 620 
    1610 492 
    1615 357 
    1620 313 
    1625 183 
    1630 7 
    1635 0 
    1640 0 
    1645 0 
    1650 0 
    1655 0 
    1660 0 
    1665 0 
    1670 0 
    1675 0 
    1680 0 
    1685 0 
    1690 0 
    1695 0 
    1700 0 
    1705 0 
    1710 0 
    1715 0 
    1720 0 
    1725 0 
